0 263 1
1 307 5
2 321 -21
3 388 31
4 358 -14
5 441 -6
6 484 -19
7 522 -83
8 586 -10
9 545 -92
10 637 -122
11 637 -21
12 577 -60
13 626 53
14 536 93
15 643 124
16 576 271
17 623 241
18 617 261
19 687 337
20 707 220
21 741 309
22 770 230
23 784 265
24 893 291
25 850 263
26 951 307
27 930 321
28 928 388
29 987 358
30 875 441
31 946 484
32 858 522
33 875 586
34 885 545
35 931 637
36 882 637
37 1023 577
38 970 626
39 1047 536
40 1124 643
41 1056 576
42 1229 623
43 1162 617
44 1286 687
45 1257 707
46 1299 741
47 1245 770
48 1251 784
49 1246 893
50 1177 850
51 1241 951
52 1205 930
53 1321 928
54 1357 987
55 1395 875
56 1500 946
57 1451 858
58 1581 875
59 1489 885
60 1510 931
61 1524 882
62 1431 1023
63 1554 970
64 1467 1047
65 1566 1124
66 1626 1056
67 1614 1229
68 1743 1162
69 1711 1286
70 1732 1257
71 1719 1299
72 1613 1245
73 1616 1251
74 1553 1246
75 1474 1177
76 1546 1241
77 1492 1205
78 1604 1321
79 1663 1357
80 1646 1395
81 1808 1500
82 1733 1451
83 1829 1581
84 1795 1489
85 1742 1510
86 1841 1524
87 1712 1431
88 1838 1554
89 1737 1467
90 1783 1566
91 1810 1626
92 1805 1614
93 1823 1743
94 1839 1711
95 1881 1732
96 1860 1719
97 1936 1613
98 1878 1616
99 1968 1553
100 1924 1474
101 1957 1546
102 1983 1492
103 1933 1604
104 1971 1663
105 1884 1646
106 1907 1808
107 1804 1733
108 1798 1829
109 1729 1795
110 1700 1742
111 1684 1841
112 1645 1712
113 1727 1838
114 1688 1737
115 1756 1783
116 1783 1810
117 1803 1805
118 1789 1823
119 1788 1839
120 1695 1881
121 1712 1860
122 1546 1936
123 1558 1878
124 1541 1968
125 1465 1924
126 1556 1957
127 1445 1983
128 1520 1933
129 1464 1971
130 1395 1884
131 1429 1907
132 1309 1804
133 1402 1798
134 1307 1729
135 1352 1700
136 1312 1684
137 1236 1645
138 1312 1727
139 1090 1688
140 1221 1756
141 977 1783
142 1130 1803
143 1011 1789
144 990 1788
145 1037 1695
146 869 1712
147 997 1546
148 742 1558
149 773 1541
150 602 1465
151 569 1556
152 532 1445
153 414 1520
154 434 1464
155 371 1395
156 446 1429
157 396 1309
158 374 1402
159 382 1307
160 329 1352
161 375 1312
162 202 1236
163 204 1312
164 91 1090
165 51 1221
166 -4 977
167 -133 1130
168 -167 1011
169 -221 990
170 -267 1037
171 -338 869
172 -452 997
173 -495 742
174 -536 773
175 -723 602
176 -687 569
177 -802 532
178 -820 414
179 -803 434
180 -967 371
181 -863 446
182 -1076 396
183 -1099 374
184 -1242 382
185 -1387 329
186 -1351 375
187 -1592 202
188 -1486 204
189 -1662 91
190 -1553 51
191 -1595 -5
192 -1632 -134
193 -1507 -168
194 -1641 -222
195 -1516 -268
196 -1613 -339
197 -1610 -453
198 -1621 -496
199 -1739 -537
200 -1724 -724
201 -1805 -688
202 -1745 -803
203 -1790 -821
204 -1740 -804
205 -1718 -968
206 -1719 -864
207 -1662 -1077
208 -1766 -1100
209 -1759 -1243
210 -1826 -1388
211 -1846 -1352
212 -1906 -1593
213 -1923 -1487
214 -1947 -1663
215 -1981 -1554
216 -1964 -1596
217 -2010 -1633
218 -2004 -1508
219 -2019 -1642
220 -1967 -1517
221 -1997 -1614
222 -1875 -1611
223 -1874 -1622
224 -1725 -1740
225 -1675 -1725
226 -1652 -1806
227 -1560 -1746
228 -1467 -1791
229 -1502 -1741
230 -1485 -1719
231 -1473 -1720
232 -1448 -1663
233 -1399 -1767
234 -1493 -1760
235 -1408 -1827
236 -1399 -1847
237 -1390 -1907
238 -1348 -1924
239 -1353 -1948
240 -1265 -1982
241 -1176 -1965
242 -1122 -2011
243 -972 -2005
244 -933 -2020
245 -756 -1968
246 -739 -1998
247 -628 -1876
248 -596 -1875
249 -463 -1726
250 -411 -1676
251 -288 -1653
252 -213 -1561
253 -139 -1468
254 34 -1503
255 -9 -1486
256 150 -1474
257 56 -1449
258 239 -1400
259 205 -1494
260 271 -1409
261 332 -1400
262 336 -1391
263 544 -1349
264 478 -1354
265 613 -1266
266 652 -1177
267 766 -1123
268 861 -973
269 852 -934
270 1023 -757
271 971 -740
272 1165 -629
273 1121 -597
274 1117 -464
275 1320 -412
276 1223 -289
277 1395 -214
278 1393 -140
279 1413 34
280 1626 -10
281 1518 150
282 1639 56
283 1688 239
284 1680 205
285 1815 271
286 1754 332
287 1892 336
288 1899 544
289 1961 478
290 1988 613
291 2007 652
292 2032 766
293 1997 861
294 2012 852
295 1928 1023
296 1966 971
297 1876 1165
298 1913 1121
299 1886 1117
300 1875 1320
301 1942 1223
302 1832 1395
303 1934 1393
304 1752 1413
305 1821 1626
306 1687 1518
307 1620 1639
308 1616 1688
309 1446 1680
310 1499 1815
311 1351 1754
312 1318 1892
313 1213 1899
314 1179 1961
315 1111 1988
316 971 2007
317 996 2032
318 830 1997
319 911 2012
320 750 1928
321 631 1966
322 693 1876
323 417 1913
324 453 1886
325 313 1875
326 117 1942
327 262 1832
328 -34 1934
329 45 1752
330 -42 1821
331 -150 1687
332 -111 1620
333 -313 1616
334 -307 1446
335 -482 1499
336 -604 1351
337 -697 1318
338 -829 1213
339 -956 1179
340 -994 1111
341 -1136 971
342 -1165 996
343 -1251 830
344 -1381 911
345 -1346 750
346 -1472 631
347 -1501 693
348 -1541 417
349 -1535 453
350 -1543 313
351 -1518 117
352 -1555 262
353 -1531 -35
354 -1559 45
355 -1620 -43
356 -1587 -150
357 -1753 -112
358 -1696 -314
359 -1775 -308
360 -1857 -483
361 -1824 -605
362 -1894 -698
363 -1897 -830
364 -1869 -957
365 -1926 -995
366 -1869 -1137
367 -1866 -1166
368 -1862 -1252
369 -1789 -1382
370 -1792 -1347
371 -1685 -1473
372 -1611 -1502
373 -1553 -1542
374 -1391 -1536
375 -1377 -1544
376 -1220 -1519
377 -1176 -1556
378 -1082 -1532
379 -1019 -1560
380 -949 -1621
381 -868 -1588
382 -757 -1754
383 -665 -1697
384 -649 -1776
385 -486 -1858
386 -573 -1825
387 -431 -1895
388 -454 -1898
389 -431 -1870
390 -276 -1927
391 -225 -1870
392 -24 -1867
393 191 -1863
394 367 -1790
395 618 -1793
396 769 -1686
397 961 -1612
398 1035 -1554
399 1065 -1392
400 1155 -1378
401 1084 -1221
402 1209 -1177
403 1191 -1083
404 1249 -1020
405 1396 -950
406 1379 -869
407 1619 -758
408 1558 -666
409 1661 -650
410 1747 -487
411 1645 -574
412 1827 -432
413 1640 -455
414 1760 -432
415 1763 -277
416 1731 -226
417 1832 -25
418 1772 191
419 1887 367
420 1864 618
421 1864 769
422 1900 961
423 1809 1035
424 1890 1065
425 1726 1155
426 1766 1084
427 1722 1209
428 1674 1191
429 1736 1249
430 1603 1396
431 1656 1379
432 1552 1619
433 1490 1558
434 1384 1661
435 1167 1747
436 1116 1645
437 864 1827
438 686 1640
439 487 1760
440 247 1763
441 114 1731
442 -111 1832
443 -179 1772
444 -329 1887
445 -345 1864
446 -427 1864
447 -495 1900
448 -477 1809
449 -657 1890
450 -695 1726
451 -827 1766
452 -946 1722
453 -1084 1674
454 -1147 1736
455 -1240 1603
456 -1304 1656
457 -1262 1552
458 -1478 1490
459 -1306 1384
460 -1508 1167
461 -1521 1116
462 -1570 864
463 -1721 686
464 -1704 487
465 -1836 247
466 -1846 114
467 -1878 -112
468 -1868 -180
469 -1871 -330
470 -1838 -346
471 -1799 -428
472 -1848 -496
473 -1776 -478
474 -1849 -658
475 -1811 -696
476 -1755 -828
477 -1808 -947
478 -1640 -1085
479 -1707 -1148
480 -1590 -1241
481 -1480 -1305
482 -1435 -1263
483 -1304 -1479
484 -1186 -1307
485 -1072 -1509
486 -884 -1522
487 -721 -1571
488 -682 -1722
489 -435 -1705
490 -335 -1837
491 -212 -1847
492 8 -1879
493 29 -1869
494 321 -1872
495 428 -1839
496 585 -1800
497 761 -1849
498 827 -1777
499 1015 -1850
500 1124 -1812
501 1132 -1756
502 1394 -1809
503 1387 -1641
504 1570 -1708
505 1655 -1591
506 1655 -1481
507 1837 -1436
508 1750 -1305
509 1861 -1187
510 1779 -1073
511 1834 -885
512 1762 -722
513 1839 -683
514 1716 -436
515 1761 -336
516 1669 -212
517 1662 8
518 1628 29
519 1518 321
520 1596 428
521 1454 585
522 1554 761
523 1435 827
524 1484 1015
525 1404 1124
526 1403 1132
527 1322 1394
528 1239 1387
529 1254 1570
530 1057 1655
531 1067 1655
532 827 1837
533 729 1750
534 530 1861
535 251 1779
536 109 1834
537 -153 1762
538 -285 1839
539 -481 1716
540 -558 1761
541 -676 1669
542 -731 1662
543 -860 1628
544 -928 1518
545 -1018 1596
546 -1171 1454
547 -1275 1554
548 -1429 1435
549 -1493 1484
550 -1630 1404
551 -1730 1403
552 -1725 1322
553 -1814 1239
554 -1793 1254
555 -1810 1057
556 -1851 1067
557 -1773 827
558 -1883 729
559 -1865 530
560 -1857 251
561 -1866 109
562 -1848 -154
563 -1806 -286
564 -1784 -482
565 -1615 -559
566 -1620 -677
567 -1495 -732
568 -1392 -861
569 -1321 -929
570 -1161 -1019
571 -1226 -1172
572 -970 -1276
573 -932 -1430
574 -846 -1494
575 -677 -1631
576 -575 -1731
577 -420 -1726
578 -161 -1815
579 -155 -1794
580 148 -1811
581 285 -1852
582 432 -1774
583 686 -1884
584 664 -1866
585 984 -1858
586 965 -1867
587 1212 -1849
588 1156 -1807
589 1336 -1785
590 1369 -1616
591 1427 -1621
592 1548 -1496
593 1506 -1393
594 1715 -1322
595 1649 -1162
596 1781 -1227
597 1826 -971
598 1836 -933
599 1879 -847
600 1899 -678
601 1834 -576
602 1896 -421
603 1795 -162
604 1722 -156
605 1683 148
606 1559 285
607 1535 432
608 1440 686
609 1255 664
610 1195 984
611 1084 965
612 921 1212
613 698 1156
614 568 1336
615 395 1369
616 228 1427
617 94 1548
618 -98 1506
619 -107 1715
620 -291 1649
621 -418 1781
622 -481 1826
623 -721 1836
624 -814 1879
625 -1067 1899
626 -1106 1834
627 -1326 1896
628 -1366 1795
629 -1511 1722
630 -1515 1683
631 -1564 1559
632 -1671 1535
633 -1622 1440
634 -1780 1255
635 -1718 1195
636 -1847 1084
637 -1848 921
638 -1881 698
639 -1871 568
640 -1919 395
641 -1885 228
642 -1899 94
643 -1845 -99
644 -1818 -108
645 -1763 -292
646 -1655 -419
647 -1566 -482
648 -1344 -722
649 -1310 -815
650 -1049 -1068
651 -850 -1107
652 -610 -1327
653 -412 -1367
654 -148 -1512
655 71 -1516
656 316 -1565
657 537 -1672
658 664 -1623
659 875 -1781
660 979 -1719
661 1116 -1848
662 1227 -1849
663 1334 -1882
664 1396 -1872
665 1543 -1920
666 1587 -1886
667 1719 -1900
668 1742 -1846
669 1736 -1819
670 1827 -1764
671 1738 -1655
672 1734 -1567
673 1666 -1345
674 1523 -1311
675 1615 -1050
676 1469 -851
677 1482 -611
678 1476 -413
679 1414 -149
680 1467 71
681 1346 316
682 1273 537
683 1163 664
684 1040 875
685 933 979
686 689 1116
687 642 1227
688 397 1334
689 309 1396
690 82 1543
691 -122 1587
692 -300 1719
693 -550 1742
694 -718 1736
695 -949 1827
696 -1121 1738
697 -1253 1734
698 -1367 1666
699 -1500 1523
700 -1595 1615
701 -1622 1469
702 -1710 1482
703 -1736 1476
704 -1808 1414
705 -1809 1467
706 -1796 1346
707 -1872 1273
708 -1794 1163
709 -1878 1040
710 -1755 933
711 -1785 689
712 -1681 642
713 -1610 397
714 -1576 309
715 -1444 82
716 -1372 -123
717 -1237 -301
718 -1145 -551
719 -1081 -719
720 -883 -950
721 -687 -1122
722 -492 -1254
723 -317 -1368
724 -69 -1501
725 167 -1596
726 388 -1623
727 549 -1711
728 673 -1737
729 891 -1809
730 996 -1810
731 1223 -1797
732 1260 -1872
733 1488 -1795
734 1604 -1879
735 1740 -1756
736 1842 -1786
737 1869 -1682
738 1992 -1611
739 1964 -1577
740 2013 -1445
741 1931 -1373
742 1969 -1238
743 1831 -1146
744 1813 -1082
745 1709 -884
746 1596 -688
747 1648 -493
748 1442 -318
749 1506 -70
750 1369 167
751 1287 388
752 1104 549
753 932 673
754 700 891
755 424 996
756 200 1223
757 -130 1260
758 -187 1488
759 -513 1604
760 -579 1740
761 -755 1842
762 -894 1869
763 -969 1992
764 -1218 1964
765 -1303 2013
766 -1494 1931
767 -1620 1969
768 -1745 1831
769 -1855 1813
770 -1895 1709
771 -1935 1596
772 -1905 1648
773 -1870 1442
774 -1802 1506
775 -1755 1369
776 -1670 1287
777 -1601 1104
778 -1515 932
779 -1435 700
780 -1309 424
781 -1189 200
782 -1022 -131
783 -860 -188
784 -694 -514
785 -486 -580
786 -334 -756
787 -159 -895
788 5 -970
789 172 -1219
790 347 -1304
791 508 -1495
792 683 -1621
793 917 -1746
794 1035 -1856
795 1230 -1896
796 1361 -1936
797 1459 -1906
798 1585 -1871
799 1584 -1803
800 1606 -1756
801 1658 -1671
802 1613 -1602
803 1631 -1516
804 1612 -1436
805 1554 -1310
806 1677 -1190
807 1512 -1023
808 1566 -861
809 1457 -695
810 1255 -487
811 1297 -335
812 962 -160
813 893 5
814 722 172
815 527 347
816 499 508
817 236 683
818 264 917
819 -44 1035
820 -105 1230
821 -312 1361
822 -479 1459
823 -623 1585
824 -882 1584
825 -968 1606
826 -1196 1658
827 -1220 1613
828 -1511 1631
829 -1541 1612
830 -1659 1554
831 -1786 1677
832 -1765 1512
833 -1857 1566
834 -1843 1457
835 -1758 1255
836 -1828 1297
837 -1668 962
838 -1686 893
839 -1580 722
840 -1423 527
841 -1352 499
842 -1163 236
843 -947 264
844 -824 -45
845 -535 -106
846 -356 -313
847 -184 -480
848 158 -624
849 229 -883
850 540 -969
851 631 -1197
852 824 -1221
853 1013 -1512
854 1111 -1542
855 1248 -1660
856 1395 -1787
857 1541 -1766
858 1613 -1858
859 1720 -1844
860 1722 -1759
861 1813 -1829
862 1774 -1669
863 1714 -1687
864 1633 -1581
865 1523 -1424
866 1416 -1353
867 1264 -1164
868 1077 -948
869 911 -825
870 773 -536
871 630 -357
872 430 -185
873 310 158
874 122 229
875 -67 540
876 -183 631
877 -544 824
878 -602 1013
879 -862 1111
880 -1067 1248
881 -1044 1395
882 -1394 1541
883 -1280 1613
884 -1530 1720
885 -1596 1722
886 -1614 1813
887 -1838 1774
888 -1758 1714
889 -1907 1633
890 -1810 1523
891 -1817 1416
892 -1661 1264
893 -1582 1077
894 -1394 911
895 -1286 773
896 -1090 630
897 -1025 430
898 -831 310
899 -747 122
900 -610 -68
901 -338 -184
902 -265 -545
903 136 -603
904 208 -863
905 614 -1068
906 787 -1045
907 1004 -1395
908 1245 -1281
909 1353 -1531
910 1580 -1597
911 1652 -1615
912 1768 -1839
913 1854 -1759
914 1883 -1908
915 1946 -1811
916 1922 -1818
917 1924 -1662
918 1920 -1583
919 1889 -1395
920 1823 -1287
921 1740 -1091
922 1621 -1026
923 1371 -832
924 1263 -748
925 745 -611
926 664 -339
927 171 -266
928 -46 136
929 -274 208
930 -671 614
931 -627 787
932 -954 1004
933 -896 1245
934 -1188 1353
935 -1103 1580
936 -1276 1652
937 -1362 1768
938 -1382 1854
939 -1641 1883
940 -1549 1946
941 -1756 1922
942 -1790 1924
943 -1851 1920
944 -1848 1889
945 -1835 1823
946 -1740 1740
947 -1665 1621
948 -1501 1371
949 -1288 1263
950 -1191 745
951 -922 664
952 -755 171
953 -537 -47
954 -313 -275
955 -150 -672
956 116 -628
957 335 -955
958 530 -897
959 756 -1189
960 1023 -1104
961 1188 -1277
962 1349 -1363
963 1579 -1383
964 1608 -1642
965 1800 -1550
966 1785 -1757
967 1836 -1791
968 1939 -1852
969 1869 -1849
970 1905 -1836
971 1869 -1741
972 1796 -1666
973 1731 -1502
974 1573 -1289
975 1387 -1192
976 1207 -923
977 943 -756
978 686 -538
979 440 -314
980 164 -151
981 -77 116
982 -334 335
983 -561 530
984 -732 756
985 -989 1023
986 -1103 1188
987 -1281 1349
988 -1448 1579
989 -1491 1608
990 -1716 1800
991 -1723 1785
992 -1804 1836
993 -1899 1939
994 -1832 1869
995 -1867 1905
996 -1756 1869
997 -1642 1796
998 -1521 1731
999 -1309 1573
1000 -1167 1387
1001 -936 1207
1002 -845 943
1003 -550 686
1004 -468 440
1005 -182 164
1006 64 -78
1007 264 -335
1008 660 -562
1009 823 -733
1010 1163 -990
1011 1350 -1104
1012 1509 -1282
1013 1657 -1449
1014 1762 -1492
1015 1777 -1717
1016 1860 -1724
1017 1862 -1805
1018 1855 -1900
1019 1885 -1833
1020 1752 -1868
1021 1678 -1757
1022 1563 -1643
1023 1362 -1522
1024 1169 -1310
1025 955 -1168
1026 660 -937
1027 505 -846
1028 191 -551
1029 25 -469
1030 -241 -183
1031 -383 64
1032 -638 264
1033 -742 660
1034 -965 823
1035 -1183 1163
1036 -1226 1350
1037 -1487 1509
1038 -1514 1657
1039 -1647 1762
1040 -1741 1777
1041 -1718 1860
1042 -1786 1862
1043 -1742 1855
1044 -1650 1885
1045 -1642 1752
1046 -1422 1678
1047 -1411 1563
1048 -1101 1362
1049 -1055 1169
1050 -799 955
1051 -628 660
1052 -371 505
1053 -55 191
1054 122 25
1055 571 -242
1056 746 -384
1057 1176 -639
1058 1338 -743
1059 1527 -966
1060 1773 -1184
1061 1739 -1227
1062 1873 -1488
1063 1800 -1515
1064 1828 -1648
1065 1758 -1742
1066 1708 -1719
1067 1595 -1787
1068 1549 -1743
1069 1450 -1651
1070 1279 -1643
1071 1211 -1423
1072 1022 -1412
1073 915 -1102
1074 694 -1056
1075 496 -800
1076 345 -629
1077 80 -372
1078 -126 -56
1079 -374 122
1080 -631 571
1081 -835 746
1082 -1143 1176
1083 -1291 1338
1084 -1497 1527
1085 -1618 1773
1086 -1631 1739
1087 -1776 1873
1088 -1678 1800
1089 -1708 1828
1090 -1642 1758
1091 -1530 1708
1092 -1484 1595
1093 -1314 1549
1094 -1113 1450
1095 -984 1279
1096 -666 1211
1097 -498 1022
1098 -218 915
1099 52 694
1100 223 496
1101 560 345
1102 707 80
1103 971 -127
1104 1184 -375
1105 1301 -632
1106 1507 -836
1107 1551 -1144
1108 1632 -1292
1109 1695 -1498
1110 1629 -1619
1111 1773 -1632
1112 1619 -1777
1113 1684 -1679
1114 1550 -1709
1115 1455 -1643
1116 1380 -1531
1117 1005 -1485
1118 893 -1315
1119 444 -1114
1120 252 -985
1121 -78 -667
1122 -460 -499
1123 -599 -219
1124 -877 52
1125 -1016 223
1126 -1173 560
1127 -1318 707
1128 -1421 971
1129 -1469 1184
1130 -1606 1301
1131 -1660 1507
1132 -1675 1551
1133 -1703 1632
1134 -1706 1695
1135 -1610 1629
1136 -1659 1773
1137 -1442 1619
1138 -1387 1684
1139 -1284 1550
1140 -998 1455
1141 -888 1380
1142 -441 1005
1143 -251 893
1144 150 444
1145 475 252
1146 752 -79
1147 1093 -461
1148 1194 -600
1149 1358 -878
1150 1501 -1017
1151 1463 -1174
1152 1591 -1319
1153 1546 -1422
1154 1571 -1470
1155 1619 -1607
1156 1483 -1661
1157 1571 -1676
1158 1328 -1704
1159 1332 -1707
1160 1017 -1611
1161 849 -1660
1162 637 -1443
1163 275 -1388
1164 139 -1285
1165 -274 -999
1166 -402 -889
1167 -678 -442
1168 -852 -252
1169 -1026 150
1170 -1187 475
1171 -1230 752
1172 -1414 1093
1173 -1445 1194
1174 -1512 1358
1175 -1584 1501
1176 -1575 1463
1177 -1690 1591
1178 -1560 1546
1179 -1520 1571
1180 -1456 1619
1181 -1260 1483
1182 -1108 1571
1183 -815 1328
1184 -536 1332
1185 -288 1017
1186 133 849
1187 338 637
1188 738 275
1189 962 139
1190 1103 -275
1191 1358 -403
1192 1284 -679
1193 1461 -853
1194 1342 -1027
1195 1380 -1188
1196 1388 -1231
1197 1401 -1415
1198 1402 -1446
1199 1460 -1513
1200 1374 -1585
1201 1346 -1576
1202 1191 -1691
1203 970 -1561
1204 796 -1521
1205 414 -1457
1206 223 -1261
1207 -193 -1109
1208 -476 -816
1209 -755 -537
1210 -1072 -289
1211 -1293 133
1212 -1528 338
1213 -1671 738
1214 -1740 962
1215 -1782 1103
1216 -1779 1358
1217 -1720 1284
1218 -1577 1461
1219 -1552 1342
1220 -1269 1380
1221 -1281 1388
1222 -1005 1401
1223 -864 1402
1224 -716 1460
1225 -459 1374
1226 -274 1346
1227 -2 1191
1228 245 970
1229 591 796
1230 739 414
1231 1174 223
1232 1246 -194
1233 1509 -477
1234 1669 -756
1235 1686 -1073
1236 1864 -1294
1237 1776 -1529
1238 1852 -1672
1239 1732 -1741
1240 1674 -1783
1241 1519 -1780
1242 1288 -1721
1243 1121 -1578
1244 765 -1553
1245 609 -1270
1246 279 -1281
1247 60 -1006
1248 -181 -865
1249 -440 -717
1250 -689 -460
1251 -889 -275
1252 -1177 -3
1253 -1328 245
1254 -1532 591
1255 -1646 739
1256 -1686 1174
1257 -1797 1246
1258 -1686 1509
1259 -1734 1669
1260 -1579 1686
1261 -1432 1864
1262 -1393 1776
1263 -1039 1852
1264 -829 1732
1265 -515 1674
1266 -139 1519
1267 81 1288
1268 531 1121
1269 716 765
1270 1002 609
1271 1139 279
1272 1319 60
1273 1439 -182
1274 1443 -441
1275 1601 -690
1276 1501 -890
1277 1510 -1178
1278 1523 -1329
1279 1340 -1533
1280 1350 -1647
1281 1054 -1687
1282 895 -1798
1283 729 -1687
1284 325 -1735
1285 166 -1580
1286 -360 -1433
1287 -414 -1394
1288 -884 -1040
1289 -1071 -830
1290 -1261 -516
1291 -1454 -140
1292 -1481 81
1293 -1656 531
1294 -1662 716
1295 -1668 1002
1296 -1699 1139
1297 -1677 1319
1298 -1629 1439
1299 -1595 1443
1300 -1356 1601
1301 -1334 1501
1302 -970 1510
1303 -834 1523
1304 -482 1340
1305 -175 1350
1306 67 1054
1307 401 895
1308 594 729
1309 947 325
1310 1130 166
1311 1311 -361
1312 1551 -415
1313 1684 -885
1314 1835 -1072
1315 1860 -1262
1316 1860 -1455
1317 1817 -1482
1318 1682 -1657
1319 1495 -1663
1320 1223 -1669
1321 1042 -1700
1322 709 -1678
1323 481 -1630
1324 130 -1596
1325 -147 -1357
1326 -348 -1335
1327 -756 -971
1328 -933 -835
1329 -1189 -483
1330 -1381 -176
1331 -1503 67
1332 -1628 401
1333 -1710 594
1334 -1675 947
1335 -1680 1130
1336 -1642 1311
1337 -1498 1551
1338 -1440 1684
1339 -1128 1835
1340 -1032 1860
1341 -634 1860
1342 -441 1817
1343 -49 1682
1344 306 1495
1345 585 1223
1346 928 1042
1347 1151 709
1348 1442 481
1349 1547 130
1350 1716 -148
1351 1681 -349
1352 1846 -757
1353 1707 -934
1354 1712 -1190
1355 1651 -1382
1356 1506 -1504
1357 1336 -1629
1358 1118 -1711
1359 770 -1676
1360 526 -1681
1361 104 -1643
1362 -290 -1499
1363 -522 -1441
1364 -910 -1129
1365 -1158 -1033
1366 -1320 -635
1367 -1518 -442
1368 -1644 -50
1369 -1648 306
1370 -1840 585
1371 -1629 928
1372 -1731 1151
1373 -1543 1442
1374 -1401 1547
1375 -1294 1716
1376 -871 1681
1377 -871 1846
1378 -389 1707
1379 -273 1712
1380 78 1651
1381 428 1506
1382 578 1336
1383 1001 1118
1384 1135 770
1385 1453 526
1386 1605 104
1387 1740 -291
1388 1780 -523
1389 1873 -911
1390 1770 -1159
1391 1738 -1321
1392 1650 -1519
1393 1380 -1645
1394 1415 -1649
1395 967 -1841
1396 834 -1630
1397 511 -1732
1398 132 -1544
1399 -98 -1402
1400 -555 -1295
1401 -770 -872
1402 -1080 -872
1403 -1267 -390
1404 -1420 -274
1405 -1560 78
1406 -1600 428
1407 -1623 578
1408 -1633 1001
1409 -1601 1135
1410 -1490 1453
1411 -1410 1605
1412 -1174 1740
1413 -1063 1780
1414 -750 1873
1415 -463 1770
1416 -189 1738
1417 207 1650
1418 373 1380
1419 887 1415
1420 1019 967
1421 1339 834
1422 1525 511
1423 1643 132
1424 1826 -99
1425 1750 -556
1426 1756 -771
1427 1622 -1081
1428 1463 -1268
1429 1228 -1421
1430 1005 -1561
1431 685 -1601
1432 515 -1624
1433 86 -1634
1434 -12 -1602
1435 -399 -1491
1436 -561 -1411
1437 -827 -1175
1438 -1113 -1064
1439 -1206 -751
1440 -1486 -464
1441 -1504 -190
1442 -1694 207
1443 -1658 373
1444 -1688 887
1445 -1602 1019
1446 -1484 1339
1447 -1300 1525
1448 -1033 1643
1449 -787 1826
1450 -425 1750
1451 -97 1756
1452 309 1622
1453 545 1463
1454 905 1228
1455 1153 1005
1456 1376 685
1457 1573 515
1458 1604 86
1459 1804 -13
1460 1750 -400
1461 1737 -562
1462 1630 -828
1463 1363 -1114
1464 1261 -1207
1465 847 -1487
1466 587 -1505
1467 246 -1695
1468 -204 -1659
1469 -410 -1689
1470 -884 -1603
1471 -1095 -1485
1472 -1381 -1301
1473 -1611 -1034
1474 -1700 -788
1475 -1871 -426
1476 -1837 -98
1477 -1871 309
1478 -1722 545
1479 -1606 905
1480 -1410 1153
1481 -1138 1376
1482 -944 1573
1483 -502 1604
1484 -312 1804
1485 129 1750
1486 435 1737
1487 710 1630
1488 1124 1363
1489 1244 1261
1490 1476 847
1491 1588 587
1492 1629 246
1493 1716 -205
1494 1522 -411
1495 1522 -885
1496 1295 -1096
1497 1048 -1382
1498 893 -1612
1499 409 -1701
1500 245 -1872
1501 -147 -1838
1502 -447 -1872
1503 -636 -1723
1504 -977 -1607
1505 -1092 -1411
1506 -1278 -1139
1507 -1416 -945
1508 -1529 -503
1509 -1639 -313
1510 -1567 129
1511 -1671 435
1512 -1421 710
1513 -1479 1124
1514 -1165 1244
1515 -937 1476
1516 -792 1588
1517 -276 1629
1518 -212 1716
1519 386 1522
1520 600 1522
1521 924 1295
1522 1233 1048
1523 1368 893
1524 1594 409
1525 1652 245
1526 1629 -148
1527 1611 -448
1528 1502 -637
1529 1388 -978
1530 1134 -1092
1531 885 -1279
1532 607 -1417
1533 327 -1530
1534 7 -1640
1535 -323 -1568
1536 -585 -1672
1537 -879 -1422
1538 -1079 -1480
1539 -1349 -1166
1540 -1533 -938
1541 -1688 -793
1542 -1802 -277
1543 -1834 -213
1544 -1826 386
1545 -1759 600
1546 -1554 924
1547 -1402 1233
1548 -1013 1368
1549 -796 1594
1550 -457 1652
1551 -77 1629
1552 191 1611
1553 587 1502
1554 753 1388
1555 1077 1134
1556 1234 885
1557 1481 607
1558 1547 327
1559 1567 7
1560 1676 -324
1561 1440 -586
1562 1379 -880
1563 1094 -1080
1564 747 -1350
1565 546 -1534
1566 -11 -1689
1567 -233 -1803
1568 -623 -1835
1569 -1005 -1827
1570 -1174 -1760
1571 -1536 -1555
1572 -1580 -1403
1573 -1742 -1014
1574 -1756 -797
1575 -1767 -458
1576 -1645 -78
1577 -1550 191
1578 -1313 587
1579 -1142 753
1580 -901 1077
1581 -552 1234
1582 -260 1481
1583 117 1547
1584 361 1567
1585 782 1676
1586 1040 1440
1587 1293 1379
1588 1500 1094
1589 1609 747
1590 1727 546
1591 1764 -12
1592 1729 -234
1593 1605 -624
1594 1539 -1006
1595 1180 -1175
1596 1114 -1537
1597 662 -1581
1598 353 -1743
1599 88 -1757
1600 -370 -1768
1601 -502 -1646
1602 -965 -1551
1603 -1017 -1314
1604 -1326 -1143
1605 -1346 -902
1606 -1528 -553
1607 -1532 -261
1608 -1506 117
1609 -1487 361
1610 -1262 782
1611 -1166 1040
1612 -840 1293
1613 -513 1500
1614 -254 1609
1615 205 1727
1616 428 1764
1617 791 1729
1618 1041 1605
1619 1237 1539
1620 1338 1180
1621 1481 1114
1622 1483 662
1623 1498 353
1624 1477 88
1625 1268 -371
1626 1218 -503
1627 925 -966
1628 734 -1018
1629 361 -1327
1630 57 -1347
1631 -319 -1529
1632 -594 -1533
1633 -1005 -1507
1634 -1203 -1488
1635 -1475 -1263
1636 -1525 -1167
1637 -1685 -841
1638 -1604 -514
1639 -1562 -255
1640 -1380 205
1641 -1141 428
1642 -1001 791
1643 -602 1041
1644 -346 1237
1645 -39 1338
1646 273 1481
1647 540 1483
1648 872 1498
1649 1080 1477
1650 1286 1268
1651 1429 1218
1652 1555 925
1653 1618 734
1654 1582 361
1655 1494 57
1656 1269 -320
1657 1138 -595
1658 719 -1006
1659 495 -1204
1660 45 -1476
1661 -228 -1526
1662 -616 -1686
1663 -866 -1605
1664 -1160 -1563
1665 -1372 -1381
1666 -1525 -1142
1667 -1702 -1002
1668 -1734 -603
1669 -1809 -347
1670 -1736 -40
1671 -1643 273
1672 -1456 540
1673 -1106 872
1674 -884 1080
1675 -380 1286
1676 -126 1429
1677 358 1555
1678 695 1618
1679 847 1582
1680 1311 1494
1681 1236 1269
1682 1592 1138
1683 1510 719
1684 1557 495
1685 1586 45
1686 1372 -229
1687 1183 -617
1688 956 -867
1689 545 -1161
1690 246 -1373
1691 -201 -1526
1692 -607 -1703
1693 -834 -1735
1694 -1268 -1810
1695 -1420 -1737
1696 -1594 -1644
1697 -1769 -1457
1698 -1690 -1107
1699 -1728 -885
1700 -1572 -381
1701 -1339 -127
1702 -1224 358
1703 -800 695
1704 -542 847
1705 -196 1311
1706 147 1236
1707 447 1592
1708 808 1510
1709 1038 1557
1710 1279 1586
1711 1435 1372
1712 1535 1183
1713 1603 956
1714 1467 545
1715 1469 246
1716 1196 -202
1717 1035 -608
1718 751 -835
1719 423 -1269
1720 177 -1421
1721 -288 -1595
1722 -481 -1770
1723 -962 -1691
1724 -1168 -1729
1725 -1394 -1573
1726 -1676 -1340
1727 -1656 -1225
1728 -1823 -801
1729 -1688 -543
1730 -1548 -197
1731 -1404 147
1732 -985 447
1733 -712 808
1734 -272 1038
1735 175 1279
1736 445 1435
1737 940 1535
1738 1083 1603
1739 1305 1467
1740 1465 1469
1741 1435 1196
1742 1511 1035
1743 1432 751
1744 1299 423
1745 1313 177
1746 975 -289
1747 898 -482
1748 500 -963
1749 275 -1169
1750 -29 -1395
1751 -458 -1677
1752 -673 -1657
1753 -1086 -1824
1754 -1186 -1689
1755 -1461 -1549
1756 -1531 -1405
1757 -1561 -986
1758 -1567 -713
1759 -1426 -273
1760 -1263 175
1761 -1028 445
1762 -698 940
1763 -454 1083
1764 71 1305
1765 327 1465
1766 755 1435
1767 1028 1511
1768 1236 1432
1769 1553 1299
1770 1498 1313
1771 1588 975
1772 1490 898
1773 1377 500
1774 1172 275
1775 888 -30
1776 639 -459
1777 278 -674
1778 -44 -1087
1779 -428 -1187
1780 -734 -1462
1781 -1041 -1532
1782 -1283 -1562
1783 -1531 -1568
1784 -1614 -1427
1785 -1684 -1264
1786 -1712 -1029
1787 -1585 -699
1788 -1507 -455
1789 -1235 71
1790 -960 327
1791 -727 755
1792 -236 1028
1793 94 1236
1794 536 1553
1795 885 1498
1796 1145 1588
1797 1509 1490
1798 1573 1377
1799 1739 1172
1800 1636 888
1801 1607 639
1802 1494 278
1803 1272 -45
1804 971 -429
1805 664 -735
1806 324 -1042
1807 -59 -1284
1808 -421 -1532
1809 -863 -1615
1810 -1070 -1685
1811 -1364 -1713
1812 -1511 -1586
1813 -1618 -1508
1814 -1560 -1236
1815 -1533 -961
1816 -1303 -728
1817 -1150 -237
1818 -803 94
1819 -517 536
1820 -230 885
1821 111 1145
1822 442 1509
1823 696 1573
1824 953 1739
1825 1163 1636
1826 1294 1607
1827 1495 1494
1828 1373 1272
1829 1489 971
1830 1259 664
1831 1100 324
1832 841 -60
1833 469 -422
1834 181 -864
1835 -253 -1071
1836 -584 -1365
1837 -918 -1512
1838 -1122 -1619
1839 -1392 -1561
1840 -1456 -1534
1841 -1517 -1304
1842 -1487 -1151
1843 -1295 -804
1844 -1221 -518
1845 -874 -231
1846 -638 111
1847 -284 442
1848 81 696
1849 336 953
1850 730 1163
1851 916 1294
1852 1196 1495
1853 1338 1373
1854 1480 1489
1855 1479 1259
1856 1520 1100
1857 1416 841
1858 1270 469
1859 1042 181
1860 586 -254
1861 420 -585
1862 -206 -919
1863 -469 -1123
1864 -967 -1393
1865 -1252 -1457
1866 -1413 -1518
1867 -1699 -1488
1868 -1662 -1296
1869 -1803 -1222
1870 -1592 -875
1871 -1561 -639
1872 -1331 -285
1873 -1054 81
1874 -796 336
1875 -317 730
1876 -52 916
1877 415 1196
1878 790 1338
1879 1073 1480
1880 1381 1479
1881 1470 1520
1882 1623 1416
1883 1521 1270
1884 1444 1042
1885 1231 586
1886 889 420
1887 676 -207
1888 181 -470
1889 -109 -968
1890 -483 -1253
1891 -889 -1414
1892 -1047 -1700
1893 -1389 -1663
1894 -1508 -1804
1895 -1584 -1593
1896 -1683 -1562
1897 -1509 -1332
1898 -1469 -1055
1899 -1141 -797
1900 -968 -318
1901 -509 -53
1902 -188 415
1903 142 790
1904 657 1073
1905 799 1381
1906 1196 1470
1907 1317 1623
1908 1394 1521
1909 1539 1444
1910 1310 1231
1911 1335 889
1912 1010 676
1913 813 181
1914 462 -110
1915 -6 -484
1916 -241 -890
1917 -810 -1048
1918 -1037 -1390
1919 -1424 -1509
1920 -1631 -1585
1921 -1793 -1684
1922 -1843 -1510
1923 -1852 -1470
1924 -1674 -1142
1925 -1447 -969
1926 -1196 -510
1927 -707 -189
1928 -464 142
1929 110 657
1930 446 799
1931 780 1196
1932 1164 1317
1933 1208 1394
1934 1534 1539
1935 1406 1310
1936 1460 1335
1937 1290 1010
1938 1077 813
1939 856 462
1940 457 -7
1941 171 -242
1942 -290 -811
1943 -575 -1038
1944 -970 -1425
1945 -1204 -1632
1946 -1436 -1794
1947 -1576 -1844
1948 -1622 -1853
1949 -1552 -1675
1950 -1461 -1448
1951 -1195 -1197
1952 -1040 -708
1953 -565 -465
1954 -293 110
1955 119 446
1956 565 780
1957 781 1164
1958 1298 1208
1959 1364 1534
1960 1610 1406
1961 1612 1460
1962 1565 1290
1963 1436 1077
1964 1153 856
1965 817 457
1966 501 171
1967 77 -291
1968 -276 -576
1969 -639 -971
1970 -982 -1205
1971 -1151 -1437
1972 -1428 -1577
1973 -1482 -1623
1974 -1541 -1553
1975 -1447 -1462
1976 -1350 -1196
1977 -1093 -1041
1978 -871 -566
1979 -493 -294
1980 -119 119
1981 192 565
1982 602 781
1983 903 1298
1984 1198 1364
1985 1364 1610
1986 1543 1612
1987 1583 1565
1988 1532 1436
1989 1497 1153
1990 1231 817
1991 979 501
1992 726 77
1993 196 -277
1994 -47 -640
1995 -542 -983
1996 -882 -1152
1997 -1187 -1429
1998 -1456 -1483
1999 -1552 -1542
2000 -1653 -1448
2001 -1595 -1351
2002 -1465 -1094
2003 -1278 -872
2004 -920 -494
2005 -715 -120
2006 -171 192
2007 126 602
2008 551 903
2009 963 1198
2010 1183 1364
2011 1518 1543
2012 1512 1583
2013 1651 1532
2014 1415 1497
2015 1369 1231
2016 977 979
2017 718 726
2018 387 196
2019 -107 -48
2020 -311 -543
2021 -820 -883
2022 -990 -1188
2023 -1280 -1457
2024 -1462 -1553
2025 -1483 -1654
2026 -1480 -1596
2027 -1363 -1466
2028 -1072 -1279
2029 -815 -921
2030 -374 -716
2031 93 -172
2032 393 126
2033 929 551
2034 1122 963
2035 1364 1183
2036 1510 1518
2037 1504 1512
2038 1451 1651
2039 1386 1415
2040 1067 1369
2041 931 977
2042 625 718
2043 224 387
2044 -28 -108
2045 -540 -312
2046 -776 -821
2047 -1168 -991
2048 -1436 -1281
2049 -1565 -1463
2050 -1700 -1484
2051 -1623 -1481
2052 -1515 -1364
2053 -1309 -1073
2054 -985 -816
2055 -641 -375
2056 -268 93
2057 204 393
2058 513 929
2059 897 1122
2060 1199 1364
2061 1423 1510
2062 1537 1504
2063 1518 1451
2064 1455 1386
2065 1252 1067
2066 948 931
2067 587 625
2068 173 224
2069 -183 -29
2070 -584 -541
2071 -896 -777
2072 -1161 -1169
2073 -1375 -1437
2074 -1457 -1566
2075 -1480 -1701
2076 -1410 -1624
2077 -1245 -1516
2078 -1050 -1310
2079 -700 -986
2080 -294 -642
2081 25 -269
2082 447 204
2083 782 513
2084 1128 897
2085 1303 1199
2086 1460 1423
2087 1496 1537
2088 1443 1518
2089 1315 1455
2090 1084 1252
2091 764 948
2092 440 587
2093 13 173
2094 -365 -184
2095 -726 -585
2096 -1084 -897
2097 -1288 -1162
2098 -1493 -1376
2099 -1499 -1458
2100 -1474 -1481
2101 -1286 -1411
2102 -1016 -1246
2103 -734 -1051
2104 -231 -701
2105 72 -295
2106 606 25
2107 951 447
2108 1221 782
2109 1569 1128
2110 1560 1303
2111 1687 1460
2112 1518 1496
2113 1379 1443
2114 1130 1315
2115 804 1084
2116 450 764
2117 86 440
2118 -247 13
2119 -653 -366
2120 -866 -727
2121 -1253 -1085
2122 -1327 -1289
2123 -1409 -1494
2124 -1507 -1500
2125 -1259 -1475
2126 -1174 -1287
2127 -740 -1017
2128 -434 -735
2129 -55 -232
2130 396 72
2131 734 606
2132 1129 951
2133 1265 1221
2134 1518 1569
2135 1479 1560
2136 1488 1687
2137 1249 1518
2138 1047 1379
2139 720 1130
2140 350 804
2141 8 450
2142 -348 86
2143 -636 -248
2144 -935 -654
2145 -1165 -867
2146 -1305 -1254
2147 -1385 -1328
2148 -1459 -1410
2149 -1335 -1508
2150 -1157 -1260
2151 -874 -1175
2152 -470 -741
2153 -74 -435
2154 385 -56
2155 841 396
2156 1164 734
2157 1457 1129
2158 1540 1265
2159 1566 1518
2160 1365 1479
2161 1213 1488
2162 762 1249
2163 434 1047
2164 56 720
2165 -396 350
2166 -596 8
2167 -1066 -349
2168 -1182 -637
2169 -1369 -936
2170 -1509 -1166
2171 -1476 -1306
2172 -1460 -1386
2173 -1272 -1460
2174 -975 -1336
2175 -704 -1158
2176 -305 -875
2177 148 -471
2178 515 -75
2179 935 385
2180 1201 841
2181 1429 1164
2182 1551 1457
2183 1528 1540
2184 1418 1566
2185 1180 1365
2186 862 1213
2187 500 762
2188 141 434
2189 -254 56
2190 -635 -397
2191 -872 -597
2192 -1173 -1067
2193 -1247 -1183
2194 -1382 -1370
2195 -1380 -1510
2196 -1200 -1477
2197 -1078 -1461
2198 -692 -1273
2199 -449 -976
2200 1 -705
2201 404 -306
2202 734 148
2203 1142 515
2204 1316 935
2205 1524 1201
2206 1586 1429
2207 1422 1551
2208 1293 1528
2209 960 1418
2210 500 1180
2211 167 862
2212 -456 500
2213 -745 141
2214 -1165 -255
2215 -1485 -636
2216 -1533 -873
2217 -1691 -1174
2218 -1512 -1248
2219 -1388 -1383
2220 -1081 -1381
2221 -694 -1201
2222 -399 -1079
2223 87 -693
2224 460 -450
2225 815 1
2226 1072 404
2227 1274 734
2228 1393 1142
2229 1348 1316
2230 1292 1524
2231 899 1586
2232 812 1422
2233 255 1293
2234 -27 960
2235 -410 500
2236 -872 167
2237 -1027 -457
2238 -1387 -746
2239 -1419 -1166
2240 -1494 -1486
2241 -1400 -1534
2242 -1195 -1692
2243 -909 -1513
2244 -599 -1389
2245 -152 -1082
2246 192 -695
2247 607 -400
2248 929 87
2249 1160 460
2250 1411 815
2251 1354 1072
2252 1366 1274
2253 1204 1393
2254 913 1348
2255 598 1292
2256 116 899
2257 -209 812
2258 -557 255
2259 -1023 -28
2260 -1161 -411
2261 -1370 -873
2262 -1400 -1028
2263 -1271 -1388
2264 -1233 -1420
2265 -878 -1495
2266 -590 -1401
2267 -199 -1196
2268 252 -910
2269 557 -600
2270 959 -153
2271 1301 192
2272 1520 607
2273 1624 929
2274 1637 1160
2275 1509 1411
2276 1315 1354
2277 942 1366
2278 451 1204
2279 54 913
2280 -467 598
2281 -857 116
2282 -1190 -210
2283 -1473 -558
2284 -1449 -1024
2285 -1534 -1162
2286 -1290 -1371
2287 -1078 -1401
2288 -746 -1272
2289 -316 -1234
2290 51 -879
2291 507 -591
2292 853 -200
2293 1237 252
2294 1437 557
2295 1643 959
2296 1666 1301
2297 1615 1520
2298 1478 1624
2299 1182 1637
2300 787 1509
2301 439 1315
2302 -83 942
2303 -409 451
2304 -919 54
2305 -1119 -468
2306 -1378 -858
2307 -1455 -1191
2308 -1387 -1474
2309 -1335 -1450
2310 -970 -1535
2311 -767 -1291
2312 -280 -1079
2313 116 -747
2314 536 -317
2315 951 51
2316 1290 507
2317 1506 853
2318 1578 1237
2319 1535 1437
2320 1333 1643
2321 1052 1666
2322 624 1615
2323 150 1478
2324 -168 1182
2325 -678 787
2326 -945 439
2327 -1228 -84
2328 -1374 -410
2329 -1328 -920
2330 -1409 -1120
2331 -1186 -1379
2332 -1001 -1456
2333 -689 -1388
2334 -277 -1336
2335 35 -971
2336 510 -768
2337 870 -281
2338 1177 116
2339 1413 536
2340 1536 951
2341 1534 1290
2342 1428 1506
2343 1161 1578
2344 846 1535
2345 479 1333
2346 -36 1052
2347 -396 624
2348 -898 150
2349 -1109 -169
2350 -1399 -679
2351 -1504 -946
2352 -1423 -1229
2353 -1335 -1375
2354 -915 -1329
2355 -742 -1410
2356 -231 -1187
2357 184 -1002
2358 503 -690
2359 975 -278
2360 1108 35
2361 1357 510
2362 1344 870
2363 1240 1177
2364 1087 1413
2365 775 1536
2366 381 1534
2367 15 1428
2368 -391 1161
2369 -743 846
2370 -1145 479
2371 -1373 -37
2372 -1513 -397
2373 -1577 -899
2374 -1452 -1110
2375 -1293 -1400
2376 -938 -1505
2377 -489 -1424
2378 -95 -1336
2379 399 -916
2380 786 -743
2381 1063 -232
2382 1371 184
2383 1309 503
2384 1308 975
2385 1072 1108
2386 739 1357
2387 513 1344
2388 -78 1240
2389 -338 1087
2390 -762 775
2391 -1038 381
2392 -1224 15
2393 -1470 -392
2394 -1393 -744
2395 -1427 -1146
2396 -1205 -1374
2397 -1078 -1514
2398 -650 -1578
2399 -328 -1453
2400 92 -1294
2401 530 -939
2402 927 -490
2403 1239 -96
2404 1419 399
2405 1520 786
2406 1384 1063
2407 1296 1371
2408 756 1309
2409 560 1308
2410 -53 1072
2411 -453 739
2412 -829 513
2413 -1268 -79
2414 -1331 -339
2415 -1564 -763
2416 -1404 -1039
2417 -1296 -1225
2418 -965 -1471
2419 -570 -1394
2420 -207 -1428
2421 318 -1206
2422 660 -1079
2423 1036 -651
2424 1357 -329
2425 1447 92
2426 1541 530
2427 1396 927
2428 1207 1239
2429 878 1419
2430 467 1520
2431 -15 1384
2432 -396 1296
2433 -850 756
2434 -1192 560
2435 -1465 -54
2436 -1608 -454
2437 -1622 -830
2438 -1539 -1269
2439 -1339 -1332
2440 -997 -1565
2441 -614 -1405
2442 -166 -1297
2443 298 -966
2444 681 -571
2445 1069 -208
2446 1245 318
2447 1364 660
2448 1304 1036
2449 1119 1357
2450 789 1447
2451 429 1541
2452 -48 1396
2453 -418 1207
2454 -861 878
2455 -1177 467
2456 -1291 -16
2457 -1487 -397
2458 -1267 -851
2459 -1242 -1193
2460 -856 -1466
2461 -504 -1609
2462 -166 -1623
2463 371 -1540
2464 664 -1340
2465 1090 -998
2466 1318 -615
2467 1449 -167
2468 1526 298
2469 1330 681
2470 1202 1069
2471 829 1245
2472 435 1364
2473 79 1304
2474 -462 1119
2475 -647 789
2476 -1075 429
2477 -1196 -49
2478 -1255 -419
2479 -1197 -862
2480 -894 -1178
2481 -672 -1292
2482 -185 -1488
2483 223 -1268
2484 683 -1243
2485 1070 -857
2486 1333 -505
2487 1582 -167
2488 1576 371
2489 1608 664
2490 1320 1090
2491 1095 1318
2492 715 1449
2493 256 1526
2494 -119 1330
2495 -608 1202
2496 -916 829
2497 -1150 435
2498 -1321 79
2499 -1324 -463
2500 -1173 -648
2501 -955 -1076
2502 -495 -1197
2503 -247 -1256
2504 285 -1198
2505 693 -895
2506 1033 -673
2507 1330 -186
2508 1456 223
2509 1517 683
2510 1391 1070
2511 1212 1333
2512 777 1582
2513 462 1576
2514 -65 1608
2515 -450 1320
2516 -829 1095
2517 -1194 715
2518 -1302 256
2519 -1357 -120
2520 -1274 -609
2521 -1034 -917
2522 -761 -1151
2523 -341 -1322
2524 42 -1325
2525 457 -1174
2526 731 -956
2527 1104 -496
2528 1167 -248
2529 1210 285
2530 1188 693
2531 813 1033
2532 683 1330
2533 153 1456
2534 -176 1517
2535 -488 1391
2536 -931 1212
2537 -1081 777
2538 -1217 462
2539 -1228 -66
2540 -1067 -451
2541 -945 -830
2542 -552 -1195
2543 -224 -1303
2544 156 -1358
2545 549 -1275
2546 820 -1035
2547 1240 -762
2548 1356 -342
2549 1449 42
2550 1481 457
2551 1248 731
2552 1032 1104
2553 617 1167
2554 169 1210
2555 -243 1188
2556 -693 813
2557 -1017 683
2558 -1266 153
2559 -1267 -177
2560 -1284 -489
2561 -1036 -932
2562 -733 -1082
2563 -352 -1218
2564 115 -1229
2565 520 -1068
2566 921 -946
2567 1269 -553
2568 1462 -225
2569 1577 156
2570 1442 549
2571 1276 820
2572 976 1240
2573 515 1356
2574 141 1449
2575 -413 1481
2576 -721 1248
2577 -1016 1032
2578 -1316 617
2579 -1264 169
2580 -1259 -244
2581 -1061 -694
2582 -692 -1018
2583 -474 -1267
2584 71 -1268
2585 357 -1285
2586 716 -1037
2587 1029 -734
2588 1138 -353
2589 1266 115
2590 1038 520
2591 935 921
2592 580 1269
2593 204 1462
2594 -203 1577
2595 -617 1442
2596 -949 1276
2597 -1181 976
2598 -1335 515
2599 -1380 141
2600 -1182 -414
2601 -1085 -722
2602 -602 -1017
2603 -278 -1317
2604 163 -1265
2605 605 -1260
2606 944 -1062
2607 1271 -693
2608 1372 -475
2609 1368 71
2610 1312 357
2611 1034 716
2612 712 1029
2613 325 1138
2614 -121 1266
2615 -480 1038
2616 -861 935
2617 -1175 580
2618 -1288 204
2619 -1363 -204
2620 -1219 -618
2621 -991 -950
2622 -606 -1182
2623 -229 -1336
2624 310 -1381
2625 711 -1183
2626 1024 -1086
2627 1312 -603
2628 1337 -279
2629 1328 163
2630 1142 605
2631 719 944
2632 427 1271
2633 -47 1372
2634 -510 1368
2635 -827 1312
2636 -1260 1034
2637 -1332 712
2638 -1531 325
2639 -1426 -122
2640 -1253 -481
2641 -991 -862
2642 -542 -1176
2643 -151 -1289
2644 302 -1364
2645 725 -1220
2646 1049 -992
2647 1269 -607
2648 1340 -230
2649 1287 310
2650 1022 711
2651 796 1024
2652 332 1312
2653 -85 1337
2654 -464 1328
2655 -874 1142
2656 -1039 719
2657 -1217 427
2658 -1169 -48
2659 -1074 -511
2660 -748 -828
2661 -445 -1261
2662 -106 -1333
2663 380 -1532
2664 594 -1427
2665 967 -1254
2666 1101 -992
2667 1055 -543
2668 1107 -152
2669 761 302
2670 539 725
2671 157 1049
2672 -222 1269
2673 -564 1340
2674 -911 1287
2675 -1111 1022
2676 -1239 796
2677 -1279 332
2678 -1081 -86
2679 -901 -465
2680 -499 -875
2681 -70 -1040
2682 297 -1218
2683 772 -1170
2684 1064 -1075
2685 1215 -749
2686 1361 -446
2687 1208 -107
2688 988 380
2689 753 594
2690 233 967
2691 -92 1101
2692 -568 1055
2693 -931 1107
2694 -1183 761
2695 -1378 539
2696 -1342 157
2697 -1239 -223
2698 -982 -565
2699 -557 -912
2700 -274 -1112
2701 329 -1240
2702 563 -1280
2703 950 -1082
2704 1223 -902
2705 1178 -500
2706 1279 -71
2707 899 297
2708 774 772
2709 256 1064
2710 -140 1215
2711 -606 1361
2712 -993 1208
2713 -1194 988
2714 -1426 753
2715 -1319 233
2716 -1216 -93
2717 -847 -569
2718 -520 -932
2719 -15 -1184
2720 332 -1379
2721 759 -1343
2722 1119 -1240
2723 1217 -983
2724 1379 -558
2725 1263 -275
2726 1096 329
2727 800 563
2728 341 950
2729 -35 1223
2730 -482 1178
2731 -913 1279
2732 -1142 899
2733 -1358 774
2734 -1232 256
2735 -1118 -141
2736 -856 -607
2737 -403 -994
2738 -64 -1195
2739 446 -1427
2740 738 -1320
2741 1015 -1217
2742 1139 -848
2743 1250 -521
2744 1061 -16
2745 938 332
2746 560 759
2747 236 1119
2748 -88 1217
2749 -583 1379
2750 -821 1263
2751 -1054 1096
2752 -1170 800
2753 -1063 341
2754 -945 -36
2755 -625 -483
2756 -142 -914
2757 100 -1143
2758 692 -1359
2759 935 -1233
2760 1251 -1119
2761 1411 -857
2762 1312 -404
2763 1270 -65
2764 902 446
2765 546 738
2766 102 1015
2767 -396 1139
2768 -769 1250
2769 -1158 1061
2770 -1274 938
2771 -1308 560
2772 -1190 236
2773 -905 -89
2774 -508 -584
2775 -63 -822
2776 391 -1055
2777 798 -1171
2778 1129 -1064
2779 1348 -946
2780 1351 -626
2781 1286 -143
2782 1060 100
2783 666 692
2784 281 935
2785 -230 1251
2786 -593 1411
2787 -988 1312
2788 -1310 1270
2789 -1342 902
2790 -1394 546
2791 -1160 102
2792 -910 -397
2793 -488 -770
2794 -57 -1159
2795 436 -1275
2796 728 -1309
2797 1105 -1191
2798 1207 -906
2799 1206 -509
2800 1073 -64
2801 683 391
2802 492 798
2803 -52 1129
2804 -389 1348
2805 -679 1351
2806 -1042 1286
2807 -911 1060
2808 -1123 666
2809 -843 281
2810 -555 -231
2811 -358 -594
2812 272 -988
2813 452 -1311
2814 971 -1343
2815 1207 -1395
2816 1365 -1161
2817 1448 -911
2818 1273 -489
2819 1087 -58
2820 623 436
2821 258 728
2822 -264 1105
2823 -680 1207
2824 -1003 1206
2825 -1265 1073
2826 -1237 683
2827 -1131 492
2828 -836 -53
2829 -389 -390
2830 21 -680
2831 531 -1043
2832 941 -912
2833 1240 -1124
2834 1378 -844
2835 1352 -556
2836 1195 -359
2837 892 272
2838 468 452
2839 108 971
2840 -453 1207
2841 -704 1365
2842 -1070 1448
2843 -1200 1273
2844 -1132 1087
2845 -1149 623
2846 -807 258
2847 -483 -265
2848 -138 -681
2849 249 -1004
2850 592 -1266
2851 732 -1238
2852 1041 -1132
2853 842 -837
2854 830 -390
2855 562 21
2856 159 531
2857 -64 941
2858 -551 1240
2859 -775 1378
2860 -1056 1352
2861 -1166 1195
2862 -1141 892
2863 -1018 468
2864 -751 108
2865 -445 -454
2866 -23 -705
2867 378 -1071
2868 728 -1200
2869 1023 -1133
2870 1163 -1150
2871 1168 -808
2872 1104 -484
2873 743 -139
2874 460 249
2875 -11 592
2876 -446 732
2877 -775 1041
2878 -1155 842
2879 -1299 830
2880 -1289 562
2881 -1238 159
2882 -869 -65
2883 -534 -552
2884 -111 -776
2885 407 -1057
2886 735 -1167
2887 1197 -1142
2888 1212 -1019
2889 1312 -752
2890 1156 -446
2891 862 -24
2892 616 378
2893 68 728
2894 -280 1023
2895 -560 1163
2896 -930 1168
2897 -966 1104
2898 -1127 743
2899 -949 460
2900 -716 -12
2901 -432 -447
2902 10 -776
2903 341 -1156
2904 757 -1300
2905 1009 -1290
2906 1147 -1239
2907 1164 -870
2908 983 -535
2909 709 -112
2910 349 407
2911 -104 735
2912 -475 1197
2913 -827 1212
2914 -1104 1312
2915 -1180 1156
2916 -1127 862
2917 -927 616
2918 -516 68
2919 -210 -281
2920 352 -561
2921 775 -931
2922 1143 -967
2923 1355 -1128
2924 1457 -950
2925 1363 -717
2926 1131 -433
2927 813 10
2928 252 341
2929 -85 757
2930 -669 1009
2931 -1006 1147
2932 -1208 1164
2933 -1385 983
2934 -1166 709
2935 -986 349
2936 -558 -105
2937 -34 -476
2938 336 -828
2939 836 -1105
2940 1093 -1181
2941 1164 -1128
2942 1306 -928
2943 924 -517
2944 837 -211
2945 268 352
2946 -13 775
2947 -452 1143
2948 -825 1355
2949 -981 1457
2950 -1212 1363
2951 -1038 1131
2952 -994 813
2953 -588 252
2954 -305 -86
2955 220 -670
2956 555 -1007
2957 974 -1209
2958 1156 -1386
2959 1284 -1167
2960 1146 -987
2961 932 -559
2962 560 -35
2963 111 336
2964 -307 836
2965 -719 1093
2966 -965 1164
2967 -1065 1306
2968 -1048 924
2969 -791 837
2970 -514 268
2971 -63 -14
2972 312 -453
2973 719 -826
2974 1083 -982
2975 1187 -1213
2976 1396 -1039
2977 1209 -995
2978 1195 -589
2979 708 -306
2980 429 220
2981 -85 555
2982 -494 974
2983 -802 1156
2984 -1203 1284
2985 -1090 1146
2986 -1122 932
2987 -785 560
2988 -363 111
2989 -5 -308
2990 612 -720
2991 905 -966
2992 1190 -1066
2993 1358 -1049
2994 1250 -792
2995 1071 -515
2996 673 -64
2997 270 312
2998 -169 719
2999 -638 1083
3000 -1021 1187
3001 -1203 1396
3002 -1251 1209
3003 -1237 1195
3004 -950 708
3005 -635 429
3006 -156 -86
3007 291 -495
3008 579 -803
3009 1031 -1204
3010 1123 -1091
3011 1224 -1123
3012 1063 -786
3013 748 -364
3014 457 -6
3015 -48 612
3016 -428 905
3017 -852 1190
3018 -1078 1358
3019 -1211 1250
3020 -1138 1071
3021 -930 673
3022 -605 270
3023 -171 -170
3024 314 -639
3025 756 -1022
3026 1088 -1204
3027 1295 -1252
3028 1295 -1238
3029 1172 -951
3030 839 -636
3031 397 -157
3032 -133 291
3033 -583 579
3034 -1007 1031
3035 -1270 1123
3036 -1339 1224
3037 -1272 1063
3038 -922 748
3039 -591 457
3040 -39 -49
3041 414 -429
3042 841 -853
3043 1218 -1079
3044 1342 -1212
3045 1355 -1139
3046 1235 -931
3047 835 -606
3048 522 -172
3049 28 314
3050 -439 756
3051 -720 1088
3052 -1058 1295
3053 -1150 1295
3054 -1076 1172
3055 -899 839
3056 -594 397
3057 -132 -134
3058 184 -584
3059 660 -1008
3060 921 -1271
3061 1033 -1340
3062 1038 -1273
3063 871 -923
3064 510 -592
3065 175 -40
3066 -291 414
3067 -724 841
3068 -927 1218
3069 -1206 1342
3070 -1045 1355
3071 -1067 1235
3072 -626 835
3073 -341 522
3074 170 28
3075 603 -440
3076 834 -721
3077 1237 -1059
3078 1139 -1151
3079 1245 -1077
3080 884 -900
3081 582 -595
3082 174 -133
3083 -271 184
3084 -676 660
3085 -1014 921
3086 -1167 1033
3087 -1136 1038
3088 -968 871
3089 -651 510
3090 -178 175
3091 305 -292
3092 765 -725
3093 1116 -928
3094 1252 -1207
3095 1294 -1046
3096 1096 -1068
3097 736 -627
3098 369 -342
3099 -168 170
3100 -523 603
3101 -865 834
3102 -1100 1237
3103 -1097 1139
3104 -1078 1245
3105 -749 884
3106 -450 582
3107 -14 174
3108 422 -272
3109 726 -677
3110 1077 -1015
3111 1085 -1168
3112 1133 -1137
3113 886 -969
3114 608 -652
3115 245 -179
3116 -211 305
3117 -379 765
3118 -851 1116
3119 -768 1252
3120 -934 1294
3121 -688 1096
3122 -378 736
3123 -163 369
3124 414 -169
3125 641 -524
3126 1102 -866
3127 1183 -1101
3128 1273 -1098
3129 1100 -1079
3130 832 -750
3131 415 -451
3132 -10 -15
3133 -470 422
3134 -833 726
3135 -1117 1077
3136 -1180 1085
3137 -1056 1133
3138 -920 886
3139 -470 608
3140 -97 245
3141 426 -212
3142 751 -380
3143 1049 -852
3144 1108 -769
3145 1057 -935
3146 853 -689
3147 412 -379
3148 94 -164
3149 -443 414
3150 -707 641
3151 -1034 1102
3152 -1090 1183
3153 -1109 1273
3154 -847 1100
3155 -553 832
3156 -192 415
3157 315 -11
3158 573 -471
3159 994 -834
3160 1051 -1118
3161 1049 -1181
3162 872 -1057
3163 510 -921
3164 135 -471
3165 -379 -98
3166 -837 426
3167 -1138 751
3168 -1378 1049
3169 -1397 1108
3170 -1265 1057
3171 -983 853
3172 -530 412
3173 -40 94
3174 373 -444
3175 816 -708
3176 1024 -1035
3177 1104 -1091
3178 1034 -1110
3179 805 -848
3180 371 -554
3181 20 -193
3182 -431 315
3183 -784 573
3184 -917 994
3185 -1116 1051
3186 -884 1049
3187 -712 872
3188 -294 510
3189 100 135
3190 528 -380
3191 882 -838
3192 1100 -1139
3193 1223 -1379
3194 1087 -1398
3195 981 -1266
3196 568 -984
3197 183 -531
3198 -184 -41
3199 -646 373
3200 -862 816
3201 -1081 1024
3202 -1049 1104
3203 -880 1034
3204 -587 805
3205 -160 371
3206 225 20
3207 657 -432
3208 895 -785
3209 1102 -918
3210 915 -1117
3211 868 -885
3212 425 -713
3213 60 -295
3214 -291 100
3215 -781 528
3216 -814 882
3217 -1110 1100
3218 -866 1223
3219 -764 1087
3220 -357 981
3221 95 568
3222 396 183
3223 868 -185
3224 1009 -647
3225 1144 -863
3226 1080 -1082
3227 757 -1050
3228 482 -881
3229 48 -588
3230 -418 -161
3231 -682 225
3232 -1067 657
3233 -977 895
3234 -1038 1102
3235 -708 915
3236 -411 868
3237 2 425
3238 525 60
3239 752 -292
3240 1121 -782
3241 1132 -815
3242 983 -1111
3243 842 -867
3244 297 -765
3245 -66 -358
3246 -531 95
3247 -994 396
3248 -1055 868
3249 -1310 1009
3250 -1097 1144
3251 -879 1080
3252 -542 757
3253 -102 482
3254 265 48
3255 542 -419
3256 877 -683
3257 856 -1068
3258 816 -978
3259 652 -1039
3260 248 -709
3261 38 -412
3262 -563 2
3263 -695 525
3264 -1033 752
3265 -1024 1121
3266 -929 1132
3267 -746 983
3268 -240 842
3269 60 297
3270 543 -67
3271 878 -532
3272 1053 -995
3273 1114 -1056
3274 946 -1311
3275 632 -1098
3276 300 -880
3277 -158 -543
3278 -528 -103
3279 -770 265
3280 -848 542
3281 -795 877
3282 -471 856
3283 -235 816
3284 284 652
3285 665 248
3286 924 38
3287 1241 -564
3288 1166 -696
3289 1154 -1034
3290 875 -1025
3291 515 -930
3292 138 -747
3293 -346 -241
3294 -625 60
3295 -920 543
3296 -1019 878
3297 -971 1053
3298 -782 1114
3299 -356 946
3300 -13 632
3301 429 300
3302 840 -159
3303 1049 -529
3304 1168 -771
3305 1023 -849
3306 764 -796
3307 384 -472
3308 -114 -236
3309 -561 284
3310 -920 665
3311 -1153 924
3312 -1178 1241
3313 -1047 1166
3314 -760 1154
3315 -344 875
3316 60 515
3317 507 138
3318 853 -347
3319 996 -626
3320 1034 -921
3321 888 -1020
3322 569 -972
3323 210 -783
3324 -287 -357
3325 -700 -14
3326 -916 429
3327 -1132 840
3328 -1004 1049
3329 -861 1168
3330 -475 1023
3331 -89 764
3332 357 384
3333 618 -115
3334 833 -562
3335 881 -921
3336 682 -1154
3337 535 -1179
3338 47 -1048
3339 -302 -761
3340 -674 -345
3341 -1054 60
3342 -1129 507
3343 -1228 853
3344 -1002 996
3345 -705 1034
3346 -330 888
3347 161 569
3348 488 210
3349 828 -288
3350 905 -701
3351 869 -917
3352 650 -1133
3353 293 -1005
3354 -82 -862
3355 -538 -476
3356 -862 -90
3357 -1061 357
3358 -1111 618
3359 -997 833
3360 -684 881
3361 -327 682
3362 169 535
3363 575 47
3364 821 -303
3365 1088 -675
3366 947 -1055
3367 818 -1130
3368 388 -1229
3369 -50 -1003
3370 -448 -706
3371 -907 -331
3372 -1147 161
3373 -1258 488
3374 -1250 828
3375 -933 905
3376 -673 869
3377 -186 650
3378 233 293
3379 603 -83
3380 860 -539
3381 959 -863
3382 859 -1062
3383 650 -1112
3384 323 -998
3385 -170 -685
3386 -532 -328
3387 -911 169
3388 -1084 575
3389 -1187 821
3390 -1026 1088
3391 -786 947
3392 -350 818
3393 128 388
3394 480 -51
3395 907 -449
3396 1032 -908
3397 1092 -1148
3398 902 -1259
3399 526 -1251
3400 251 -934
3401 -323 -674
3402 -478 -187
3403 -815 233
3404 -744 603
3405 -587 860
3406 -413 959
3407 106 859
3408 366 650
3409 870 323
3410 940 -171
3411 1118 -533
3412 983 -912
3413 772 -1085
3414 382 -1188
3415 -21 -1027
3416 -373 -787
3417 -738 -351
3418 -849 128
3419 -966 480
3420 -671 907
3421 -522 1032
3422 -62 1092
3423 313 902
3424 681 526
3425 1019 251
3426 982 -324
3427 1092 -479
3428 797 -816
3429 524 -745
3430 149 -588
3431 -371 -414
3432 -523 106
3433 -933 366
3434 -883 870
3435 -849 940
3436 -628 1118
3437 -214 983
3438 55 772
3439 493 382
3440 758 -22
3441 922 -374
3442 925 -739
3443 754 -850
3444 507 -967
3445 128 -672
3446 -246 -523
3447 -620 -63
3448 -853 313
3449 -852 681
3450 -872 1019
3451 -575 982
3452 -318 1092
3453 203 797
3454 489 524
3455 821 149
3456 982 -372
3457 903 -524
3458 853 -934
3459 471 -884
3460 130 -850
3461 -225 -629
3462 -534 -215
3463 -714 55
3464 -754 493
3465 -675 758
3466 -402 922
3467 -85 925
3468 280 754
3469 625 507
3470 885 128
3471 967 -247
3472 1004 -621
3473 759 -854
3474 503 -853
3475 113 -873
3476 -340 -576
3477 -531 -319
3478 -861 203
3479 -835 489
3480 -719 821
3481 -485 982
3482 4 903
3483 317 853
3484 733 471
3485 990 130
3486 1077 -226
3487 930 -535
3488 722 -715
3489 263 -755
3490 -146 -676
3491 -544 -403
3492 -944 -86
3493 -1005 280
3494 -1021 625
3495 -800 885
3496 -459 967
3497 2 1004
3498 371 759
3499 753 503
3500 916 113
3501 961 -341
3502 842 -532
3503 524 -862
3504 116 -836
3505 -271 -720
3506 -600 -486
3507 -935 4
3508 -907 317
3509 -925 733
3510 -538 990
3511 -246 1077
3512 207 930
3513 618 722
3514 938 263
3515 1072 -147
3516 1054 -545
3517 869 -945
3518 487 -1006
3519 134 -1022
3520 -422 -801
3521 -662 -460
3522 -954 2
3523 -979 371
3524 -835 753
3525 -565 916
3526 -166 961
3527 317 842
3528 632 524
3529 868 116
3530 1067 -272
3531 803 -601
3532 727 -936
3533 239 -908
3534 -178 -926
3535 -488 -539
3536 -901 -247
3537 -972 207
3538 -1007 618
3539 -801 938
3540 -504 1072
3541 -12 1054
3542 335 869
3543 715 487
3544 985 134
3545 985 -423
3546 960 -663
3547 622 -955
3548 243 -980
3549 -106 -836
3550 -572 -566
3551 -825 -167
3552 -955 317
3553 -938 632
3554 -646 868
3555 -394 1067
3556 104 803
3557 528 727
3558 831 239
3559 1070 -179
3560 977 -489
3561 965 -902
3562 516 -973
3563 166 -1008
3564 -334 -802
3565 -632 -505
3566 -844 -13
3567 -912 335
3568 -707 715
3569 -433 985
3570 42 985
3571 483 960
3572 836 622
3573 1083 243
3574 1044 -107
3575 976 -573
3576 612 -826
3577 239 -956
3578 -264 -939
3579 -536 -647
3580 -796 -395
3581 -800 104
3582 -746 528
3583 -482 831
3584 -46 1070
3585 274 977
3586 724 965
3587 814 516
3588 1079 166
3589 833 -335
3590 680 -633
3591 254 -845
3592 -182 -913
3593 -547 -708
3594 -862 -434
3595 -1012 42
3596 -891 483
3597 -756 836
3598 -364 1083
3599 74 1044
3600 427 976
3601 884 612
3602 909 239
3603 1055 -265
3604 848 -537
3605 532 -797
3606 241 -801
3607 -304 -747
3608 -544 -483
3609 -759 -47
3610 -867 274
3611 -680 724
3612 -458 814
3613 -93 1079
3614 355 833
3615 584 680
3616 822 254
3617 890 -183
3618 695 -548
3619 494 -863
3620 -23 -1013
3621 -362 -892
3622 -674 -757
3623 -1052 -365
3624 -916 74
3625 -976 427
3626 -494 884
3627 -128 909
3628 303 1055
3629 815 848
3630 999 532
3631 1217 241
3632 1058 -305
3633 885 -545
3634 403 -760
3635 56 -868
3636 -448 -681
3637 -674 -459
3638 -832 -94
3639 -827 355
3640 -567 584
3641 -288 822
3642 172 890
3643 426 695
3644 756 494
3645 777 -24
3646 725 -363
3647 531 -675
3648 99 -1053
3649 -253 -917
3650 -637 -977
3651 -878 -495
3652 -1039 -129
3653 -886 303
3654 -808 815
3655 -282 999
3656 46 1217
3657 449 1058
3658 823 885
3659 871 403
3660 940 56
3661 637 -449
3662 327 -675
3663 -112 -833
3664 -460 -828
3665 -764 -568
3666 -792 -289
3667 -813 172
3668 -526 426
3669 -187 756
3670 171 777
3671 548 725
3672 771 531
3673 836 99
3674 795 -254
3675 543 -638
3676 134 -879
3677 -235 -1040
3678 -686 -887
3679 -996 -809
3680 -1123 -283
3681 -1156 46
3682 -889 449
3683 -553 823
3684 -91 871
3685 378 940
3686 696 637
3687 938 327
3688 923 -113
3689 765 -461
3690 409 -765
3691 7 -793
3692 -402 -814
3693 -754 -527
3694 -874 -188
3695 -906 171
3696 -662 548
3697 -300 771
3698 114 836
3699 586 795
3700 887 543
3701 1130 134
3702 1073 -236
3703 955 -687
3704 543 -997
3705 162 -1124
3706 -269 -1157
3707 -609 -890
3708 -716 -554
3709 -785 -92
3710 -478 378
3711 -266 696
3712 287 938
3713 639 923
3714 853 765
3715 1106 409
3716 845 7
3717 752 -403
3718 246 -755
3719 -190 -875
3720 -511 -907
3721 -922 -663
3722 -896 -301
3723 -929 114
3724 -632 586
3725 -202 887
3726 59 1130
3727 581 1073
3728 788 955
3729 893 543
3730 861 162
3731 543 -270
3732 233 -610
3733 -213 -717
3734 -582 -786
3735 -981 -479
3736 -1010 -267
3737 -1048 287
3738 -732 639
3739 -346 853
3740 20 1106
3741 596 845
3742 818 752
3743 1051 246
3744 984 -191
3745 759 -512
3746 436 -923
3747 -59 -897
3748 -412 -930
3749 -729 -633
3750 -793 -203
3751 -792 59
3752 -501 581
3753 -130 788
3754 252 893
3755 608 861
3756 773 543
3757 788 233
3758 691 -214
3759 292 -583
3760 -52 -982
3761 -463 -1011
3762 -823 -1049
3763 -931 -733
3764 -903 -347
3765 -751 20
3766 -393 596
3767 35 818
3768 439 1051
3769 855 984
3770 835 759
3771 995 436
3772 644 -60
3773 385 -413
3774 -77 -730
3775 -563 -794
3776 -762 -793
3777 -1051 -502
3778 -906 -131
3779 -746 252
3780 -384 608
3781 -8 773
3782 386 788
3783 628 691
3784 777 292
3785 675 -53
3786 405 -464
3787 147 -824
3788 -323 -932
3789 -627 -904
3790 -875 -752
3791 -984 -394
3792 -802 35
3793 -600 439
3794 -144 855
3795 252 835
3796 629 995
3797 932 644
3798 978 385
3799 906 -78
3800 562 -564
3801 222 -763
3802 -222 -1052
3803 -594 -907
3804 -784 -747
3805 -888 -385
3806 -695 -9
3807 -421 386
3808 -60 628
3809 359 777
3810 647 675
3811 834 405
3812 874 147
3813 613 -324
3814 355 -628
3815 -51 -876
3816 -496 -985
3817 -718 -803
3818 -973 -601
3819 -806 -145
3820 -667 252
3821 -312 629
3822 167 932
3823 528 978
3824 874 906
3825 920 562
3826 842 222
3827 629 -223
3828 249 -595
3829 -244 -785
3830 -590 -889
3831 -876 -696
3832 -941 -422
3833 -860 -61
3834 -603 359
3835 -191 647
3836 123 834
3837 582 874
3838 638 613
3839 811 355
3840 496 -52
3841 280 -497
3842 -108 -719
3843 -484 -974
3844 -646 -807
3845 -847 -668
3846 -657 -313
3847 -461 167
3848 -47 528
3849 239 874
3850 619 920
3851 742 842
3852 750 629
3853 628 249
3854 207 -245
3855 -66 -591
3856 -527 -877
3857 -775 -942
3858 -907 -861
3859 -852 -604
3860 -642 -192
3861 -256 123
3862 134 582
3863 522 638
3864 803 811
3865 826 496
3866 794 280
3867 427 -109
3868 84 -485
3869 -410 -647
3870 -756 -848
3871 -1086 -658
3872 -1077 -462
3873 -1030 -48
3874 -711 239
3875 -249 619
3876 75 742
3877 599 750
3878 721 628
3879 813 207
3880 646 -67
3881 389 -528
3882 -82 -776
3883 -430 -908
3884 -810 -853
3885 -957 -643
3886 -838 -257
3887 -815 134
3888 -269 522
3889 -52 803
3890 394 826
3891 628 794
3892 581 427
3893 553 84
3894 177 -411
3895 -153 -757
3896 -501 -1087
3897 -877 -1078
3898 -982 -1031
3899 -931 -712
3900 -733 -250
3901 -311 75
3902 41 599
3903 435 721
3904 753 813
3905 752 646
3906 723 389
3907 417 -83
3908 -9 -431
3909 -317 -811
3910 -743 -958
3911 -848 -839
3912 -831 -816
3913 -661 -270
3914 -216 -53
3915 148 394
3916 610 628
3917 912 581
3918 993 553
3919 992 177
3920 718 -154
3921 355 -502
3922 -33 -878
3923 -526 -983
3924 -633 -932
3925 -893 -734
3926 -702 -312
3927 -476 41
3928 -193 435
3929 336 753
3930 499 752
3931 723 723
3932 713 417
3933 478 -10
3934 187 -318
3935 -240 -744
3936 -629 -849
3937 -802 -832
3938 -883 -662
3939 -782 -217
3940 -454 148
3941 -65 610
3942 329 912
3943 620 993
3944 748 992
3945 720 718
3946 491 355
3947 128 -34
3948 -275 -527
3949 -599 -634
3950 -909 -894
3951 -876 -703
3952 -850 -477
3953 -478 -194
3954 -91 336
3955 282 499
3956 748 723
3957 870 713
3958 957 478
3959 758 187
3960 427 -241
3961 -8 -630
3962 -452 -803
3963 -764 -884
3964 -931 -783
3965 -890 -455
3966 -648 -66
3967 -334 329
3968 182 620
3969 444 748
3970 731 720
3971 745 491
3972 623 128
3973 318 -276
3974 -80 -600
3975 -473 -910
3976 -780 -877
3977 -857 -851
3978 -869 -479
3979 -560 -92
3980 -242 282
3981 240 748
3982 584 870
3983 827 957
3984 864 758
3985 780 427
3986 397 -9
3987 91 -453
3988 -350 -765
3989 -586 -932
3990 -673 -890
3991 -641 -649
3992 -344 -335
3993 5 182
3994 413 444
3995 714 731
3996 922 745
3997 928 623
3998 748 318
3999 394 -81
4000 -38 -474
4001 -451 -781
4002 -779 -858
4003 -932 -870
4004 -891 -561
4005 -650 -243
4006 -320 240
4007 125 584
4008 473 827
4009 698 864
4010 749 780
4011 579 397
4012 365 91
4013 -57 -351
4014 -369 -587
4015 -699 -674
4016 -717 -642
4017 -651 -345
4018 -455 5
4019 -110 413
4020 239 714
4021 533 922
4022 679 928
4023 631 748
4024 415 394
4025 127 -39
4026 -258 -452
4027 -611 -780
4028 -804 -933
4029 -883 -892
4030 -672 -651
4031 -405 -321
4032 25 125
4033 437 473
4034 758 698
4035 963 749
4036 904 579
4037 747 365
4038 334 -58
4039 -27 -370
4040 -455 -700
4041 -659 -718
4042 -770 -652
4043 -659 -456
4044 -387 -111
4045 -49 239
4046 336 533
4047 509 679
4048 709 631
4049 575 415
4050 328 127
4051 48 -259
4052 -476 -612
4053 -668 -805
4054 -966 -884
4055 -950 -673
4056 -772 -406
4057 -498 25
4058 -4 437
4059 297 758
4060 667 963
4061 729 904
4062 703 747
4063 406 334
4064 36 -28
4065 -296 -456
4066 -629 -660
4067 -730 -771
4068 -678 -660
4069 -474 -388
4070 -41 -50
4071 232 336
4072 587 509
4073 753 709
4074 849 575
4075 827 328
4076 583 48
4077 490 -477
4078 261 -669
4079 176 -967
4080 54 -951
4081 5 -773
4082 0 -499
4083 0 -5
4084 0 297
4085 0 667
4086 0 729
4087 0 703
4088 0 406
4089 0 36
4090 0 -297
4091 0 -630
4092 0 -731
4093 0 -679
4094 0 -475
4095 0 -42
